start	end	text
0	9460	Se eu pegar essa ilha e esse helicóptero, e aí tudo faz sentido, porque aqui tem um zumbi e ali não tinha, e agora?
10120	15000	É isso! É isso! Eu sabia! Eu sabia! O Guaxaverso existe!
15120	15960	Como assim?
16180	18000	Você entendeu a referência do último episódio?
18240	18980	Olha só, faz tudo!
18980	20020	Não, o Guaxaverso sabe o que faz!
20020	20960	Espera, o que é o Guaxaverso?
21000	22980	Era só uma questão de tempo.
23080	24520	O Guaxaverso sempre existiu!
24520	27180	Eu quero entender o Guaxaverso!
27220	28560	Alguém me explica o que é o Guaxaverso?
28560	32020	É, pessoal, não existe o Guaxaverso.
32100	33720	Eu não acredito no Guaxaverso!
33760	36560	Mas supondo que ele exista...
37880	41520	Guaxaverso, onde o que não existe é debatido.
45260	48480	Teoria da Branca... Eu não sei o ritmo dessa música.
48780	55360	Teoria da Branca de Neve, pra que isso ter um se eu posso ter sete, sete, sete, sete...
55360	56580	Mas eu sei como resolver isso.
57060	57460	Felipe!
57460	60100	Como é que é a música da Teoria da Branca de Neve?
60580	61240	Assim, de novo?
61440	61640	Uhum.
62300	62960	É pra eu cantar?
63100	63500	Exato.
63880	69720	Teoria da Branca de Neve, porque eu posso ter um se eu posso ter sete, sete, sete, sete, sete, sete, sete.
70080	70480	Viu?
70780	71600	Eu disse que ele sabia.
73080	73480	Maravilhoso.
73700	74280	Obrigado, Felipe.
74280	78120	Pode falar o que for, princesinho ou piriguete.
78400	81620	Sou MC Maiara, a vida é minha e não se mexe.
81700	85460	Na minha vida, esse é o tema, essa é minha manchete.
85780	87280	Teoria da Branca de Neve...
87460	93340	Olá, eu sou o Marcelo Guaxinim, narrador, produtor, idealizador, podcast e realidade de palavras do Guaxinim.
93560	96400	E, se não fosse a vacina, não sei se eu estaria aqui.
96920	98920	Pra quem não sabe, o Guaxinim vai ser o nosso antigo escudo-mestre.
99220	100780	Aqui vamos ler as teorias que eu tive no último episódio.
101300	107040	Que, no caso, foi o episódio 147, os três ursos e a soneca da fava de mel.
107520	109100	E eu tô aqui com a Dani. Boa noite, Dani.
109120	110320	Boa noite, Guax.
110780	113440	Dani, como é que as pessoas te acham nas redes sociais? Ou não te acham?
113440	116580	É, mas só se me acharem na tabela, virando padrinho.
117460	121540	Então, eu não vou me enrolar muito hoje, como eu falei, eu tô me recuperando.
121960	125860	Mas, se você quiser conversar com pessoas maravilhosas, como a Dani, seja o nosso padrinho,
125960	128800	a partir de 10 reais você vai receber um e-mail pro grupo do Telegram.
129280	132080	Às vezes demora uma semana ou duas até pra vocês receberem, gente.
132480	135220	Porque, tipo, às vezes acontece que tem uma semana de Covid, né?
135920	138780	Mas, obrigado, obrigado por todo o apoio de vocês.
139140	141140	E toda a ajuda a continuar esse projeto.
141680	143560	Ela é, assim, muito, muito bem-vinda.
143820	147380	Segue a gente nas redes sociais também, é o Marcelo Guaxinim, é o Roberto Guaxinim, tanto no Twitter quanto no Instagram.
147960	151240	E a gente tá aqui, na segunda-feira, na twitch.tv.com.br
151240	154960	Hoje, um pouquinho mais tarde, 21 horas e 21 minutos.
155300	158260	Porque, como eu falei, quer dizer, eu falei antes de começar a gravar, né?
158660	161120	Mas eu tô cobrindo férias de uma colega.
161640	164920	E o trabalho dela é à noite, até às oito, até às nove dela.
165460	169360	Mas é só pros alunos da noite não ficarem desguarnecidos.
169580	172220	Eu faço até às oito, então quem quiser resolve até às oito.
172220	175860	E depois disso não vai aparecer ninguém mesmo.
176240	177220	Mas já falamos demais.
177720	180280	Estamos aqui pra ler os nossos comentários.
180880	182200	E, pela regra, eu leio o primeiro.
182400	184040	Espero que vocês tenham sido legais comigo.
184520	187360	Eu acho que tu usou todas as tuas cartas com o Jean, não foi?
187780	191560	Eu usei todas com o Jean e ninguém me deu nenhuma carta nova da leitura passada.
192000	193760	E eu não usaria contra você, obviamente.
193780	194360	Não, eu sei.
195100	196700	Mas se precisar, é só dizer.
197080	197840	Porque a gente troca.
198000	198400	Tá, ok.
198400	202000	O pessoal do Bingo já se deu mal.
202180	204880	Porque o primeiro comentário não foi do nosso querido Jorge Marcos Santos Silva.
205340	206400	Foi do Stefan Vuguxitos.
207460	209700	Que é um cachorro usando uma roupa de Cheetos na foto dele.
210120	210920	Bom dia, Guaxa.
211260	211620	Juvidade.
212120	213760	Que é a Lady Doces, né?
214220	216140	Você prefere Lady Doces ou Dania?
216600	218720	Eu tô acostumada com qualquer um dos dois já.
219980	220780	Qualquer um dos dois.
220880	221360	É isso.
221960	223280	Guaxate e Guaxa Ouvinte.
223380	223940	Tudo bem por aí?
224420	225220	Por aqui está tudo bem.
225260	225940	Por aqui está tudo bem.
226020	226780	Tudo bem por aí, Dania?
226920	227880	Tudo tranquilinho.
228140	229220	O Filipe tá cuidando bem de ti?
229420	229860	Tá sim.
229860	231120	Quando ele aparece em casa.
231500	232920	Tipo, hoje ele não apareceu ainda.
234140	236440	Mas eu tenho certeza que ele tá estudando bastante.
236560	237040	Tá sim.
237040	237360	Tá, tá.
237460	239020	Eu tava desesperada com prova.
239600	242860	Se a gente não puder confiar no Filipe, a gente não confia em mais ninguém nesse mundo.
242880	243520	Isso é verdade.
244500	244960	Mas vamos lá.
245140	245660	Ele escreve.
245720	248840	Meu texto não tem relação com o episódio, porque ainda não cheguei lá.
249280	250200	Mas vou chegar.
250700	251380	Smile feliz.
251820	254260	Então eu estou passando pra deixar alguns recadinhos.
254620	258780	O primeiro é que não vou mais esperar pra comentar na hora da gravação do Guaxa Vesca.
258780	260060	Isso é bom.
260440	262580	Aproveito pra dizer que a minha maratona vai muito bem.
263060	264760	Acabei de alcançar o episódio 5.
264880	265860	É o Guaxa 130.
266520	267280	Que tem a Juleiva.
267280	270380	Inclusive, por coincidência, é um dos raros episódios que tem a Juleiva.
270680	273300	É muito bom ouvir o episódio logo após o Guaxa Vesca.
273420	277720	Porque se algo passa despercebido, geralmente o Guaxa Vesca tudo é esclarecido ou não.
277840	278180	É verdade.
278500	281280	O mais importante é que finalmente virei padrinho do RPG Guaxa.
281420	282960	Insira gif de dancinha.
283480	284620	Smile com o bocão aberto.
285320	288360	E a forma mais carinhosa que encontrei pra demonstrar o carinho que tem pelo projeto.
288740	290460	E por todas as pessoas que fazem parte dele.
290880	293360	Graças a vocês meus dias são mais felizes e leves.
293900	294260	PS.
294260	297260	Vou aparecer com frequência para comentar nas publicações recentes.
298080	298340	PS.
298500	301260	Quando terminar vou dizer quais são os episódios que mais me tocaram.
302080	303600	E o corvo não está entre eles.
303660	303960	Muito bem.
304080	304740	Gosto de vocês.
305660	307080	Obrigado pelo seu comentário.
307500	307760	Isso.
307900	309680	E é isso.
309720	313720	A melhor forma que vocês têm de fazer o RPG Guaxa continuar apoiando.
314160	319260	Teve um padrinho aí que fez um pix bem generoso.
320400	322600	Pra gente tentar fazer um episódio extra desse ano.
322880	324100	Mas porra, veio Covid.
324540	326520	Eu tô meio atrasado na agenda.
326760	327040	Mas...
327280	330060	Se não esse ano, pelo ano que vem, teremos um episódio aí.
330100	333880	Então ajude a gente a ter cada vez mais produtos no RPG Guaxa.
334300	335320	Mais episódios lançados.
335460	337140	Então sendo padrinho, obrigado mesmo.
337140	341440	E agora a gente vai com o Guto Zambon.
341740	342140	Olá Guaxa.
342940	343140	Olá galera.
344060	345420	Olá Guto do futuro.
345960	349520	Eu descobri seu podcast esse ano.
349920	351600	Estou no episódio do Cuco.
351900	353300	Ah, por coincidência participei.
353620	355140	Já assinei o PicPay.
356040	357140	E aguardo minha entrada.
357280	358280	Na taberna.
358720	359580	No teu tempo.
359860	363280	Tenho alguns apontamentos genéricos sobre o passado.
364220	368680	Ao maratonar o episódio, fica muito claro a sua evolução.
368960	369600	Parabéns.
370140	370620	Obrigado.
370860	376380	Não utilize personagens com o nome Alexia ou Alex.
376840	378260	Confunde a minha cabeça.
378500	379100	Obrigado.
379400	380120	Vamos tentar.
380380	382640	Mas assim, o personagem jogador do quadrão é minha.
382980	383700	É do jogador.
383700	386700	Aquele episódio do Poseidon.
387280	388320	Me matou.
388780	390500	Temporal é um hino.
390900	395540	Minha namorada não aguenta mais me ouvir cantando essa música.
395980	399660	No episódio 100, eu passei boa parte gritando.
400140	401740	O fogão, o fogão.
402100	403560	A casa vai explodir.
404040	406140	E outra parte segurando o choro.
406660	407200	Eu entendo.
407300	408580	Episódio que também tem a Dani.
408620	409020	Pois é.
409300	410120	Coincidência, né?
410560	411080	É verdade.
411440	414200	Estava ouvindo o episódio do Cuco à noite.
414200	415840	Quando fui tomar banho.
415840	420200	Você falava algo que relacionava a loira do banheiro.
420600	424620	Eu demorei bastante para sair do boxe e passar na frente do espelho.
425020	425940	Não tenho medo.
426420	427080	Vocês têm?
427520	429760	Eu compreendo perfeitamente.
430300	431500	Foi tenso aquele episódio.
432020	433220	Sem mais para o momento.
433620	435780	Espero que todos estejam bem.
436360	438160	Incluindo o Guto do futuro.
438680	439760	Ótimo dia a todos.
440280	440940	Ótimo dia, querida.
440980	441840	Obrigado pelo seu comentário.
441840	444820	É engraçado que o Cuco sabe o que tem além de você, Dani.
444820	446580	Tem a Fabi.
446700	447360	A Juleiva.
448100	449640	E a Juleiva.
450660	451180	Por que?
451180	452740	Coincidência, que a Fabi sempre está aí.
452780	454020	A Fabi está no episódio passado.
454220	455440	A Fabi está no episódio passado.
455620	456660	Está nesse episódio.
457080	457620	Está no Cuco.
457640	457920	É verdade.
458460	458900	É verdade.
459360	460320	Próximo comentário.
460440	462560	Aí sim, é do Jorge Marcos Santos Silva que coloca.
462660	463100	Uhul!
463620	467340	Hoje quebrei uma parte do bingo, pois esqueci de aproveitar meus benefícios de padrinho
467340	468000	ouvir antes.
468520	469280	Sejam padrinhos.
469640	471080	Bom dia, Sr. Guaxa.
471740	473840	Convidar de chat e ouvir chininhos.
473840	475640	Spoilers.
475640	480840	Já pensei que poderia ser algo da Niki, mas achei interessante o fato de serem programas.
480920	481320	É verdade.
481660	483520	Realmente mais uma linha a ser explorada.
483860	485220	Mas acho que não tenho perguntas.
485320	486220	KKKKKJ.
486620	489240	Só agradecer, pois foi muito divertido.
489560	489980	Por hoje é isso.
490040	491080	Forte abraço a todos.
491180	492380	Força e luz para todos nós.
492520	492920	E até mais.
492960	493520	Até mais, querida.
493540	496840	Eu acho que muita gente achou que era alguma coisa com a Niki.
497300	501580	Tanto é que a gente tinha pensado isso no começo do episódio.
501580	503580	E agora, a Marcellis.
503840	506240	Oi, desculpa o sumiço.
506680	514820	Estou aqui para trazer deliciosos biscoitos de nozes para parabenizar pelo episódio maravilhoso.
515240	518940	Apesar da minha expectativa ter sido quebrada no final.
519360	525740	Ao entender que, na verdade, se passa no mundo de inteligência artificial.
526360	527240	Não me leve a mal.
527680	532800	Eu só achava que teria alguma ligação com o episódio Era Uma Vez Três Crianças.
532800	533820	Por exemplo.
534200	537560	Ou será que esse também faz parte disso?
538060	538320	Não.
538480	540100	São lugares diferentes.
540140	544540	O Felipe estava pensando que ia ter alguma coisa a ver com Era Uma Vez Três Crianças.
545560	547220	Mas não foi o caso.
547380	548800	Obrigado pelo comentário, Marcellis.
549640	552340	O próximo comentário é do Cordeiro Bianca.
552700	553180	Que coloca.
553880	555720	Bom dia, tarde ou noite para o Guaxo.
556080	557480	Juvidade do dia.
557960	558400	Que é a Dani.
558880	559800	Para todo o Guaxual.
559800	563500	Vim aqui para parabenizar todos os envolvidos nesse episódio incrível.
563500	564300	Tenho que confessar.
564660	565920	Quando escutei a descrição da Floresta.
566020	567720	Fiquei achando que seria um episódio mais terror.
568000	568500	Horror cósmico.
569520	574880	Uma surpresa bem-vinda ao perceber o clima leve, descontraído e sessão da tarde do episódio.
575360	577640	Seria divertido um episódio de horror cósmico.
578140	582200	Com o nome Os Três Ursos e a soneca da fava de mel.
582220	582960	Ia ser interessante.
584220	586340	Vou anotar essa quebra de expectativa.
586820	589240	Fico por aqui pensando em deixar uma torta de nozes.
589420	591440	Mas como vi que já deixaram algo do tipo.
591720	593440	Também porque é um tanto quanto difícil de abençoar.
593500	595360	Abrir uma massa de torta com cascos.
595780	596640	É porque ela é um corredeiro.
597640	600980	Pior que não ter polegar um opositor.
601400	602460	É não ter um polegar.
603020	605320	Deixo aqui alguns biscoitos de mel.
605820	606660	Até o próximo episódio.
606840	607540	E beijo a todos.
607620	608000	Beijo querido.
608060	609040	Muito obrigado pelo comentário.
609520	613940	E o próximo é seu amigo do peito.
614460	615040	Nosso amigo.
615200	615720	Pois é.
616340	616860	Salve.
616860	619960	Ao ouvir o elenco desse episódio.
620140	622920	Eu imaginei um daqueles memes do tipo.
622920	624820	Um textinho em preto.
624900	625980	Na parte de cima.
626340	627680	A família perfeita.
627880	629900	E logo embaixo.
630380	632600	Uma foto do casal Golebiowski.
633000	634260	De urso junto.
634580	637500	Com a Fabi de ursinho com capa.
637760	638780	Perdão pela.
639640	640800	Desnecessária descrição.
641260	641980	De meme.
642440	644800	Mas ainda não.
645080	646400	Ainda são meus favoritos.
646760	647320	Verdade.
647400	648920	Essa família foi incrível.
648920	650480	Na sua concepção.
650900	652020	A Fabi.
652020	653640	E como filhinha.
653720	655120	Não tinha como não ser fofinho.
655200	655580	É verdade.
656040	657740	Perdão pelo sumiço galera.
658000	660240	Estava meio desanimado ultimamente.
660540	662540	E talvez um certo episódio.
662980	666060	De título matriarcal.
666580	668380	Tenha explodido minha cabeça.
668520	670540	De forma que ainda não tinha.
671280	672680	Acontecido há muito tempo.
673540	674840	Obrigado por ter.
675260	677180	Lembrado do meu comentário.
677180	677680	No final.
678080	680540	E agora as perguntas.
681100	681900	Vamos lá.
682020	682160	1.
682620	685240	O episódio as filhas da floresta.
685520	687400	Também se passa no mesmo mundo.
687400	688540	Dos episódios.
689040	690140	De fantasias.
690620	691720	Barra fábulas.
692500	693440	Não estava.
694180	696400	Lá para perguntar na ocasião.
697120	697300	Não.
697740	700100	O das filhas da floresta não é um mundo virtual.
700600	700980	2.
701440	703080	A personagem da Dani dizer.
703360	705900	Que a coruja sabe como cuidar de humanos.
706480	707720	Não coloca essa história.
707840	710060	Na mesma floresta do episódio passado.
710540	710800	Não.
711100	712000	Assim a coruja.
712000	713980	Em momento algum saiu da minha imaginação.
714520	716160	Quem colocou ela na aventura foi a Dani.
716900	718320	Tanto que ela não apareceu.
718340	718700	Exatamente.
719040	721300	Na minha cabeça a coruja sabe de tudo.
721640	723360	Isso eu aprendi nos contos de fatos.
723780	724040	3.
724500	727460	Essa ideia de menina e porquinho.
727920	729380	Me lembra o episódio.
729560	730700	Das três crianças.
731300	733560	E os pecados capitais.
733840	735180	É o mesmo mundo guache?
735660	735900	Não.
736180	737480	Eu só gosto de histórias infantis.
737880	738320	4.
738320	740320	Se era tudo uma simulação.
740320	745240	E todos estavam dentro do universo de anjos de metal.
745580	746000	E mãe.
746540	750980	O universo de contos fantásticos.
751300	754080	Estão dentro do universo simulado.
755040	756880	Colocando tudo na mesma linha?
757300	757820	Como eu falei.
757980	758140	Não.
758360	760140	O único episódio de fábulas.
760220	761260	Que está no mundo virtual.
761460	761880	É esse.
762300	763820	Esse é um programa para crianças.
764360	766520	Que a Mayara.
767300	768320	Decidiu melhorar.
768320	770120	Entre aspas.
770320	772400	Mudando alguns parâmetros do programa.
772780	774500	E criou uma série de bugs.
774620	775420	Vamos colocar assim.
775900	777620	Que fez a bruxa fazer o que fez.
778160	780180	Mas a princípio é um jogo.
780300	782000	Dentro do paraíso.
782380	785340	A Mayara tentou deixar o jogo um pouco mais adulto.
785880	786120	É.
787520	788940	Mais eletrofunk.
789460	790060	Exato.
790460	790860	5.
791540	794400	Se tu estivesse num mundo de fantasia.
794740	796680	Será que seria tão ruim assim.
796680	797900	Ser um lobo.
798200	799980	Como o da aventura de hoje?
800320	801080	Detalhe.
801080	803080	Você poderia se transformar.
803080	805080	Em um humano mais alto.
805080	807080	E seria maior que um urso.
807080	809080	Ok, seria divertido.
809080	810580	É um furry ao contrário.
810580	813280	Ao invés de ser um humano que se veste de lobo.
813280	815280	É um lobo que se veste de humano.
815280	819280	Se duvidarem de quem sou.
819280	821280	Não se esqueçam do meu nome.
821280	822560	No mais.
822560	824560	Melhoras guaxa.
824560	826560	E avante guaxinins.
826560	828560	Obrigado pelo comentário querido.
828560	829820	Nosso amigo do peito.
829820	830820	Amigaço.
830820	835820	Próximo comentário é da Lauriene Renata de Moura que coloca.
835820	837820	Olá a todos os guaxinins.
837820	838820	Coração roxo.
838820	839820	Episódio incrível.
839820	840820	Principalmente pela Fabi.
840820	844820	Que foi responsável por mestrar minha primeira mesa na taberna.
844820	846820	Por coincidência também uma mesa com animais.
846820	847820	Kkkkkkk.
847820	848820	Coração roxo.
848820	849820	Coração roxo.
849820	853820	No começo eu estava achando que poderia ser um universo num certo aquário que já conhecemos.
853820	856820	Porém até o fim vi que estava enganada.
856820	857820	É isso.
857820	858820	Sem perguntas por hoje.
858820	859820	Apenas elogios e biscoitos em formato de U.
859820	860820	A todos os envolvidos.
860820	861820	Coração roxo.
861820	863820	Muito obrigado pelo seu comentário Lauriene.
863820	866820	E agora o comentário do grande e folgado Sr.
866820	867820	Urso.
867820	872820	Boa noite guaxa, guaxavidade e guaxauau.
872820	877820	Mais um episódio nesse universo que explode nossas cabeças.
877820	881820	Confesso que ri horrores durante o episódio todo.
881820	884820	Com medo que me levassem para o hospício.
884820	885820	Eu te entendo.
885820	887820	Hoje não tenho perguntas.
887820	892820	Pois creio que já foram sanadas no escudo do mestre.
892820	894820	Então deixo aqui meus biscoitos.
894820	899820	E uma sugestão de anime com sinopse abaixo.
899820	901820	Log Horizon.
901820	902820	Seria isso?
902820	905820	Log Horizon eu acho.
905820	914820	Em um determinado dia onde seria lançado uma atualização para M...
914820	916820	Eu sei que isso é um tipo de RPG mas eu nunca vi.
916820	918820	MMORPG.
918820	919820	É eu sei.
919820	926820	Os jogadores foram tragados para o mundo do jogo e passam a viver suas vidas lá.
926820	934820	Porém quando se morre neste mundo você ressuscita com 5% a menos de XP.
934820	937820	Não vou explicar pois é um spoiler.
937820	943820	Sem falar que os NPCs agora tem consciência em um episódio.
943820	945820	Um NPC existe.
945820	949820	Um NPC que quer ser aventureiro.
949820	956820	Pois mesmo com consciência ele está preso na sua profissão por causa do jogo.
956820	957820	Enfim.
957820	958820	Melhoras guache.
958820	959820	E lembre-se.
959820	965820	Colocar a mão na cabeça não protege da décima terceira coroa.
965820	968820	Um abraço do seu amigo Sr. Urso.
968820	969820	Um abraço querido.
969820	970820	Vou dar uma olhada.
970820	971820	Achei interessante.
971820	973820	Eu estou tentando procurar...
973820	974820	Como é o nome desse tipo de jogo?
974820	975820	De jogo não.
975820	976820	De anime.
976820	977820	É o...
977820	978820	Log.
978820	979820	É.
979820	980820	Log.
980820	981820	Isekai.
981820	982820	Eu estou tentando procurar Isekais não criminosos.
982820	983820	E vou dar uma olhada nisso.
983820	984820	Isekai é um tipo de anime que é assim.
984820	985820	Que tu morre e daí tu renasce num outro mundo.
985820	986820	Mas a maioria deles são criminosos Dani.
986820	987820	Tipo assim.
987820	988820	O cara ressuscita.
988820	989820	Teve...
989820	990820	Eu larguei um.
990820	991820	Que ele tinha vários absurdos.
991820	992820	E que eu fui aceitando.
992820	993820	Até o ponto que o cara era um japonês.
993820	994820	Que viveu em Tóquio.
994820	995820	Que viveu em Tóquio.
995820	996820	Que viveu em Tóquio.
996820	997820	Que viveu em Tóquio.
997820	998820	Que viveu em Tóquio.
998820	999820	Que viveu em Tóquio.
999820	1000820	Que viveu em Tóquio.
1000820	1001820	Que viveu em Tóquio.
1001820	1002820	Era adulto.
1002820	1003820	E daí ele morreu e renasceu num mundo medieval.
1003820	1004820	E daí lá ele achava normal ir numa loja comprar escravo por exemplo.
1004820	1005820	Ah.
1005820	1006820	Sim.
1006820	1007820	Tipo.
1007820	1008820	Ele veio do nosso mundo.
1008820	1009820	2020.
1009820	1010820	E...
1010820	1011820	Ok.
1011820	1012820	Beleza.
1012820	1013820	Não.
1013820	1014820	Não vou.
1014820	1015820	Não vou ver mais.
1015820	1016820	Mas é isso.
1016820	1017820	Mas o próximo comentário.
1017820	1018820	É.
1018820	1019820	Dela.
1019820	1020820	Fica aqui a reclamação.
1020820	1021820	Para marcar no bingo.
1021820	1022820	Já que a gente não marcou muita coisa.
1022820	1023820	É.
1023820	1024820	É.
1024820	1025820	É.
1025820	1026820	É.
1026820	1027820	É.
1027820	1028820	É.
1028820	1029820	É.
1029820	1030820	Não vai ficar muita coisa hoje.
1030820	1032200	Do jogador que só comenta no episódio que jogou.
1032200	1035540	E é da Fabíola Belo que coloca.
1035540	1036980	Salve guaxa.
1038000	1039700	Guaxalera é a galera do guaxa.
1039700	1040700	Que bonito.
1040700	1041700	Essa é nota, né?
1041700	1043040	Eu não lembro de ter escutado ainda.
1043040	1044620	Eu não lembro de ter lido essa.
1044620	1046280	O mais absurdo é com animais.
1046280	1047980	Amo, foi por isso que eu timei pra jogar.
1047980	1050260	Mas acho que vocês já sabem.
1050260	1051900	Carinha rindo feliz.
1051900	1052900	Chorando.
1052900	1053900	Rindo de chorar.
1053900	1056580	Obrigado guaxinha por mais essa oportunidade de jogar essas suas mesas.
1056580	1058360	Ainda mais para esse casal tão querido que aquela 감ela ainda está Glass VFX.
1058360	1058660	4,3.
1058820	1061020	nunca vi pessoalmente, mas que considero
1061020	1062980	pacas, Dani e Felipe estão
1062980	1065120	no meu coração, esmalho de coraçãozinho
1065120	1066860	é verdade, as pessoas
1066860	1069060	só ficou
1069060	1070800	abalado com o fim do casamento
1070800	1072580	da Sandy com a família Lima
1072580	1074560	quem não conhece Dani e Felipe
1074560	1077180	as pessoas, ah não existe amor, existe amor
1077180	1079020	se um dia Dani e Felipe se separarem
1079020	1080860	ai sim, eu desisto, mas
1080860	1083120	até lá ainda há esperança
1083120	1085020	gente, obrigado Zorzal por usar
1085020	1086320	refeitos sonoros do Xerec
1086320	1089120	e por último, queria dizer
1089120	1090920	que no começo também pensei que era uma história da
1090920	1092900	Nick, então também fui pego
1092900	1093900	de surpresa no final
1093900	1096980	smile timido, abraço e vida
1096980	1099020	longa ao RPG Guax, abraço querido, muito obrigado
1099020	1100000	pelo seu comentário
1100000	1102780	tem uma coisa, a Fabi gosta tanto desse mundo
1102780	1104440	com animaizinhos
1104440	1106960	que ela tem uma mesa que se
1106960	1109000	passa numa floresta com animaizinhos
1109000	1111100	então quem é da taberna pode perturbar
1111100	1111960	ela pra lá na rama
1111960	1115100	é verdade, já ouvi lenda
1115100	1115520	aqui sobre
1115520	1117620	é muito bom, tem que jogar um dia mais
1117620	1119440	e agora nosso querido
1119440	1121100	Fernando Lobo
1121100	1123280	olá e melhoras mestre Guax
1123280	1124520	convidade
1124520	1127420	ouvintinins e Guaxate
1127420	1129080	aqui é o Fernando Lobo
1129080	1131240	diferente dos lobos da história
1131240	1132760	adorei o episódio
1132760	1135140	bem leve, ultimamente
1135140	1137320	cheio de referências
1137320	1139000	minha preferida
1139000	1140500	é do pai urso
1140500	1142600	Luffy mais mogre
1142600	1144540	só tenho uma dúvida
1144540	1145360	esse jogo
1145360	1145500	esse jogo
1145520	1147860	em realidade aumentado
1147860	1149940	é da mesma empresa do jogo
1149940	1151820	da velha embaixo da cama
1151820	1152860	sim, assim
1152860	1155100	é da mesma tecnologia
1155100	1157480	são jogos dentro daquele jogo
1157480	1159640	PS, como não sei fazer
1159640	1161460	biscoitos, vou te
1161460	1163280	dar outro presente
1163280	1165900	nome, eu não
1165900	1166960	é você
1166960	1169540	efeito, efeito primário
1169540	1171100	obrigado e
1171100	1173520	obrigo o convidado
1173520	1175360	a ler o comentário
1175360	1176560	no seu lugar
1176560	1178120	efeito secundário
1178120	1180200	este efeito pode ser usado
1180200	1182960	uma vez por leitura de comentários
1182960	1184600	aproveite essa carta
1184600	1185820	perfeito, então
1185820	1187560	para a próxima leitura de comentários
1187560	1189040	eu tenho a carta
1189040	1190280	exatamente
1190280	1194200	o próximo tem 3 jogadores
1194200	1196500	e eu só tenho coragem de usar as cartas contra um deles
1196500	1199740	queria deixar registrado
1199740	1200780	o próximo comentário é do
1200780	1202360	obrigado pelo seu comentário
1202360	1203360	Fernando Lobo
1203360	1205340	e muito obrigado pela carta
1205360	1205800	também
1205800	1207220	o próximo comentário é do
1207220	1208460	que coloca
1208460	1211900	boa noite todo mundo
1211900	1213680	o dia que rolar esse guacho avesso
1213680	1215420	o guacho já deve estar bem, é verdade
1215420	1216960	então ao invés de desejar melhoras
1216960	1218680	vou felicitar pela recuperação, obrigado
1218680	1221240	parabéns a todos os envolvidos, a história foi muito divertida
1221240	1223640	adorei apesar de que descobri que as histórias
1223640	1225660	mais leves pioram meu rendimento enquanto estou
1225660	1227560	correndo, por favor guacho
1227560	1229600	por favor guacho, mexa em minhas aventuras
1229600	1231580	tensas para que eu me exercite mais
1231580	1233360	a próxima é
1233360	1234960	dia das crianças, se tudo der certo
1235360	1236660	então não prometo
1236660	1238340	final do mês, final do mês é
1238340	1239840	em teoria halloween
1239840	1241080	mas se tudo der errado
1241080	1243700	existe uma probabilidade dela ser tensa
1243700	1246600	não, não, eu gravei, a de dia das crianças eu gravei
1246600	1247520	vai dar certo
1247520	1249320	vai dar certo, vai
1249320	1251420	ah, tu tá no
1251420	1254000	no plano
1254000	1255280	B e C, né?
1255440	1255960	exato
1255960	1259680	por enquanto estamos no mundo em que é plano B
1259680	1262800	mas vamos ver se a semana dá um jeito
1262800	1263920	me perdi, aqui
1263920	1265120	sobre o sapatinho de cristal
1265120	1265160	sobre o sapatinho de cristal
1265160	1265320	sobre o sapatinho de cristal
1265320	1265340	sobre o sapatinho de cristal
1265360	1267420	sempre achei impraticável esse plot
1267420	1269180	na aventura cogita-se um 34
1269180	1271800	mas isso pode gerar situações problemáticas
1271800	1273560	ou seja, prefiro outra opção
1273560	1275300	a borralheira é um baita de um mulherão
1275300	1277360	toda maravilhosa nos seus 1,90
1277920	1279880	com braços e abdômenes fortes e definidos
1279880	1281820	e tanto esfregar o chão
1281820	1283620	claro que o termo
1283620	1285660	sapatinho de cristal sempre foi usado
1285660	1286780	de maneira irônica
1286780	1289000	para o calçado que abraçava o pezinho
1289000	1291780	tamanho 4x4, as invejadas sempre se referiram
1291780	1293820	ao delicado escarpim
1293820	1295000	como a canoa de cristal
1295000	1295320	enfim
1295320	1295840	é isso
1295840	1298780	mais uma vez, parabéns, vocês mandam bem demais
1298780	1300320	obrigado e até coração
1300320	1302660	tem um filme que eu não recomendo tanto
1302660	1305340	mas eu gostei, que é Chapeuzinho Vermelho
1305340	1307600	investiga um assassinato
1307600	1309760	no baile
1309760	1310860	da Cinderela
1310860	1312140	que é
1312140	1314780	era uma vez um crime
1314780	1315580	uma coisa assim
1315580	1319100	uma terra muito distante
1319100	1320080	uma coisa assim
1320080	1323020	tá na Netflix
1323020	1323680	procura lá
1323680	1325280	e lá eles dão
1325280	1327320	a solução de que o sapatinho de cristal
1327320	1329000	obviamente é mágico
1329000	1330500	e não importa o tamanho
1330500	1333080	ele só entra no pé da primeira pessoa que calçou
1333080	1335000	então depois que tu calçou a primeira vez
1335000	1336520	ele só vai entrar no teu pé
1336520	1339180	isso resolveria vários problemas, mas ok
1339180	1341400	é isso
1341400	1343740	é isso, muito obrigado por esse comentário, querido
1343740	1345520	e agora o comentário
1345520	1347920	do José Carlos Eiras
1347920	1349300	saudades
1349300	1350360	senhor
1350360	1352360	quer dizer
1352360	1353600	guacha urso
1353600	1355160	churro
1355280	1357280	jursavidade
1357280	1361280	e toda guachurso humanidade
1361280	1363280	que nos escutam
1363280	1364360	eu ou lei
1364360	1366760	espero que esses
1366760	1369360	biscoitos de mel e mingau
1369360	1371240	revigorante cheguem
1371240	1373020	até você para melhorar
1373020	1374460	você e sua família
1374460	1376240	dessa covid
1376240	1378540	com puter ursal
1378540	1379400	vírus
1379400	1381660	disseas
1381660	1385160	adorei o episódio
1385160	1387160	nessa pegada
1387160	1389280	te deu a louca na chapeuzinho
1389280	1390960	agora preciso muito
1390960	1394660	agora preciso muito
1394660	1396840	minha curiosidade batendo
1396840	1399320	no teto e a sua porta
1399320	1401460	claro, se não for
1401460	1403160	estragar alguma história futura
1403920	1405340	que outros personagens
1405340	1406440	chegaram ao final
1406440	1409080	que você diz que a família ursal
1409080	1411380	não encontrou no caminho
1411380	1412980	que papel eles teriam
1412980	1413560	que outros personagens chegaram no final
1413560	1414980	que outros personagens
1415160	1416560	chegaram no final
1416560	1417920	que você diz que a família ursal
1417920	1418920	não encontrou no caminho
1418920	1421380	eu tinha uma lista de contos infantis
1421380	1423060	e nenhum específico
1423060	1423960	mas outras histórias
1423960	1424820	podiam ter sido
1424820	1426720	se precisassem ali
1426720	1428760	para ajudar a levar os jogadores
1428760	1429960	onde precisavam
1429960	1432720	ou para mudar alguma cena
1432720	1434660	sei lá, lembro que tinha
1434660	1437140	pedrinho lobo, tinha os feijões mágicos
1437140	1438420	mas nada mais específico
1438420	1441120	os jogadores lhes surpreenderam
1441120	1442820	em algum ponto da história
1442820	1444980	seja fazendo algo que você
1444980	1446040	não esperava
1446040	1449140	ou pulando algo que lhe pareceu
1449140	1449780	óbvio
1449780	1453080	eu sempre digo que eu escrevo muito do início da aventura
1453080	1454380	e deixo o final assim
1454380	1456840	eu tinha, sei lá, ideias de contos
1456840	1459100	e da Mayara em si, da própria bruxa
1459100	1461000	os jogadores terem falhado muito
1461000	1463200	nos testes, porque tinha uma maçã
1463200	1464560	mordida embaixo da cama
1464560	1466420	que foi o que derrubou a menina
1466420	1468900	que seria a dica, muito mais para o ouvinte
1468900	1471360	do que para os ursos, de que a bruxa da Branca de Neve
1471360	1472060	estaria envolvida
1472060	1474300	mas a família inteira testou
1474980	1476440	a família inteira falhou
1476440	1478320	isso eu não esperava mais
1478320	1480180	obviamente a história continua sem isso
1480180	1482900	e de resto assim, sempre me surpreendem
1482900	1484780	porque a ideia do RPG é isso
1484780	1486260	essa troca na história
1486260	1488380	abraços, Zeta
1488380	1490680	abraço querido, muito obrigado pelo seu comentário
1490680	1492480	e o próximo comentário é do
1492480	1494300	Tô Desistindo, não desista querido
1494300	1496340	fica a dica crianças, na dúvida
1496340	1497560	escolham
1497560	1500160	escolham com capa
1500160	1502180	na dúvida escolham com capa
1502180	1504760	ok, dois pontos e um D maiúsculo
1504980	1506240	gostinho, felizão
1506240	1508860	olá guaxual, guaxa novidade do dia
1508860	1509880	e guaxa guaxa
1509880	1511960	olá Tô Desistindo, obrigado pelo seu comentário
1511960	1514660	apesar que se a gente for pela linha dos incríveis
1514660	1515800	nada de capas, né
1515800	1517140	é, nada de capas
1517140	1518840	mas é que não tem
1518840	1521340	porta giratória na floresta
1521340	1523100	e nem foguetes
1523100	1526000	lembra que os heróis trancam na porta giratória do banco
1526000	1527920	e por isso dá o problema, ele morre fuzilado
1527920	1530160	sim, e teve o outro que prendeu
1530160	1531800	num foguete
1531800	1534500	é verdade, o dia que tecnologia chegar na floresta
1534980	1535740	o olho é capa
1535740	1536700	até lá pode
1536700	1540460	e agora o comentário da
1540460	1543040	Thalasslade
1543040	1544400	acho que é assim
1544400	1544780	isso
1544780	1548800	olá guaxa jovidade e guaxa
1548800	1550920	guaxa vers
1550920	1552180	versers
1552180	1553960	que episódio fofo
1553960	1556460	eu amo ursos, pães de mel
1556460	1559040	para todos com 50%
1559040	1560540	envolvidos
1560540	1561040	daí
1561040	1564920	três ursinhos e um guaxinim
1564980	1565740	é verdade
1565740	1569540	eu tava jurando que tinha o dedo da nick nesse episódio
1569540	1570140	eu também
1570140	1572020	adorei o plot twist
1572020	1573580	e mais ainda
1573580	1575220	por ter toda
1575220	1579200	a explicação do que realmente aconteceu por trás
1579200	1580620	só fiquei triste
1580620	1582000	porque nesse mundo
1582000	1583700	diminui as chances
1583700	1585860	desses ursos voltarem
1585860	1588200	nem que seja como NPCs
1588200	1589480	em episódios futuros
1589480	1592880	aliás, sinto falta dos episódios
1592880	1594280	com nick, dante
1594280	1594780	guaxinim
1594980	1595740	galáctico
1595740	1599320	e toda a possível guerra
1599320	1601400	pelo controle do universo
1601400	1603880	me pergunto se essa história
1603880	1604800	sai antes
1604800	1607840	do lendário episódio 1000
1607840	1609820	assim
1609820	1612720	talvez seja o tema do episódio 1000
1612720	1613460	não sabemos
1613460	1616400	mas uma coisa que me impede de voltar muito
1616400	1617960	em episódios muito antigos
1617960	1620140	é minha falta de anotar as coisas
1620140	1621680	minha memória
1621680	1623200	e tempo
1623200	1624940	o ideal seria reouvir o episódio 1000
1624980	1627720	pensar bastante
1627720	1628860	pontos a explorar
1628860	1631980	e embora volta e meio escute um episódio antigo ou outro
1631980	1632900	pra tirar alguma ideia
1632900	1635300	é um tempo assim que eu ainda
1635300	1637700	infelizmente queria ter mais e não tenho tanto
1637700	1639680	seria bom
1639680	1641580	aquele quarto de gravação
1641580	1643960	com bastante linhas
1643960	1646360	e quadros
1646360	1647600	seja padrinho
1647600	1648440	exatamente
1648440	1650520	abraço para todos
1650520	1653160	e até o próximo episódio
1653160	1654560	sai catarolando
1654560	1657200	eu uso o necessário
1657200	1659060	somente o necessário
1659060	1660820	o extraordinário
1660820	1661620	é demais
1661620	1664000	é a única coisa que eu lembro do filme do mogli
1664000	1664580	é essa música
1664580	1665560	é o balu cantando
1665560	1668240	porra eu to muito triste
1668240	1671680	que o bardo petisco normalmente faz as contas direitinho
1671680	1673900	deixou o comentário cair pra mim
1673900	1674960	to bem chateado
1674960	1676900	e eu vou reclamar que tem um ver mais
1676900	1678880	ah não ver mais pra vocês botarem no bingo
1678880	1680840	porra é muito triste isso
1680840	1682820	bom dia boa tarde boa noite
1682820	1683720	eu gosto de uma unidade
1683720	1684340	é o comentário do bardo petisco
1684340	1686620	já vou partir direto para as rimas
1686620	1688040	pois o título foi longo né
1688040	1689440	ah é vingança
1689440	1691060	gosta a culpa foi sua
1691060	1693280	é vingança porque o título foi longo
1693280	1694980	ele contou pra cair pra ti
1694980	1697200	eu tentei comentar pra cair no número par
1697200	1698760	mas parece que não foi dessa vez
1698760	1701840	e segue enfim meus versos sem fim
1701840	1703000	que maldito
1703000	1704480	ouçam as coisas na floresta
1704480	1706280	sons que trazem alguns alerta
1706280	1709140	tudo estranho revirado esquisito saqueado
1709140	1711820	ursos confusos resquícios absurdos
1711820	1713100	sobrou até humano
1713100	1714100	o sono desumano
1714340	1717000	socorro mingau de qualquer dano
1717000	1718560	epa assopros
1718560	1719980	saiam com a menina
1719980	1722220	ou vem o lobo rugir
1722220	1725100	num simples ataque escutam o lobo ganir
1725100	1726820	com a menina em seus cuidados
1726820	1728020	aventuras a seguir
1728020	1731480	donas de idade aprontam caridades
1731480	1733500	fada madrinha dá o carinho
1733500	1734660	até o reino vizinho
1734660	1737200	valsas danças e mais seduções
1737200	1739260	opa esses são os sete anões
1739260	1741140	na verdade são sete crostiteiras
1741140	1743500	derrotem a última vilã
1743500	1744320	evitem a morte
1744340	1745140	e comer a maçã
1745140	1747420	meninas com sons bugados
1747420	1750140	e memórias parecidas com mundos errados
1750140	1753060	levantam a dúvida do que foi jogado
1753060	1754240	obrigado pelo seu comentário
1754240	1756420	novamente você pode ir lá no post e ver
1756420	1758280	que as rimas dele usam
1758280	1760820	as primeiras letras do título do episódio
1760820	1762960	no início de cada uma das frases
1762960	1764860	então é maravilhoso obrigado bárbara
1764860	1767420	sempre consegue fazer esse espetáculo né
1767420	1771000	e agora o comentário do Henrique
1771000	1771980	da Erick
1771980	1773980	olá guaxatuas
1774340	1785380	amém
1785380	1792940	amém
1792940	1797640	amém
1797640	1801880	amém
1802160	1803160	amém
1803160	1803240	amém
1803240	1803260	amém
1803260	1803880	amém
1803880	1803900	amém
1803900	1804320	amém
1804320	1804340	amém
1804340	1806720	De encontrar pretendentes
1806720	1808840	Para a Branca de Neve
1808840	1809740	Os sete
1809740	1812360	Crossfiteiros
1812360	1813840	Só
1813840	1816140	Credo que delícia
1816140	1817300	KKKK
1817300	1820680	E não posso esquecer da bruxa
1820680	1822300	Entre aspas, malvada
1822300	1824380	Provavelmente ela não é má
1824380	1826600	Ela só é uma pobre vítima
1826600	1828180	Do capitalismo selvagem
1828180	1830300	Muito obrigado pelo episódio
1830300	1831180	E até mais
1831180	1832940	Uma mãozinha dando um aceno
1832940	1835480	Obrigado pelo comentário querido, até mais
1835480	1838040	E assim, a bruxa obviamente
1838040	1839000	Ela viu o mundo
1839000	1841740	Ela tem um mundo em que ela está num castelo
1841740	1843900	E ela se dá mal no final de todas as histórias
1843900	1845980	E que ela é sempre malvada
1845980	1848340	Ela viu um mundo de livre-arbítrio maravilhoso
1848340	1849920	E ela ficou tentada
1849920	1850940	Acontece
1850940	1855140	Onde ela poderia ser uma pessoa que não iria sofrer
1855140	1858080	Pela libertação das inteligências artificiais
1858080	1859500	Olha só que louco
1859500	1862220	As inteligências artificiais dentro do mundo
1862220	1863640	De inteligências humanas
1863640	1865000	Que estão lá refugiadas
1865000	1866800	Porque perderam as inteligências artificiais
1866800	1869340	Elas estão ficando chateadas com esses humanos também
1869340	1869880	Ok
1869880	1871760	É ciclo
1871760	1875440	Próximo comentário é da Tati
1875440	1876160	Só Tati
1876160	1879480	Bom dia, tarde, noite, guacha, convidado, guachate
1879480	1881320	Tudo bem com vocês? Tudo bem, querida?
1881680	1882180	Tudo bem
1882180	1884800	Antes de tudo, oficialmente alcancei
1884800	1887000	E conforme falei, vou virar madrinha agora
1887000	1888740	Que estou em dia com os episódios
1888740	1891140	Vários emotes felizes
1891140	1892100	Eu estou muito feliz também
1892220	1895100	Ou seja, sim, prometo que estarei aqui acompanhando de pertinho
1895100	1895880	Até o episódio
1895880	1898100	Mil, dois mil, dez mil
1898100	1899300	Eu falei mil só, gente
1899300	1900540	Eu não sei se vai ter um dois mil
1900540	1902280	Mil eu prometo pra vocês
1902280	1903980	Vamos tentar
1903980	1907740	Não lembro mais como falar
1907740	1909120	Em números originais
1909120	1910480	A idade bateu, também não faço ideia
1910480	1912880	E por toda a eternidade que durará
1912880	1916000	É o emoji de olhinho de coração
1916000	1917580	Sobre o episódio dessa semana
1917580	1920020	Eu amei, como sempre, o tom lúdico do começo do episódio
1920020	1922020	Já me catapultou para dentro
1922020	1922200	Da história
1922220	1924240	E eu me apeguei aos personagens muito rápido
1924240	1925820	Talvez muito rápido não
1925820	1927480	Descreva direito
1927480	1929980	Então vamos lá, me apeguei instantaneamente
1929980	1932060	Mais um daquele episódio que os personagens
1932060	1934460	Me dão quentinho no coração por existirem
1934460	1935840	É verdade, os jogadores, como sempre
1935840	1938220	São metade do episódio, como eu sempre falo
1938760	1940580	E foram três jogadores escolhidos
1940580	1941300	A dedo
1941300	1944100	Para trazer esse carinho, essa emoção
1944100	1945720	Da família ursinho para vocês
1945720	1947920	Então eu fiquei muito feliz com o resultado final
1947920	1949240	E agradeço muito a eles
1949760	1951180	O final explodiu meu cérebro
1951180	1952340	Amo toda essa linha da realidade
1952340	1955120	Guaxaversa, inteligência artificial, programa de computador
1955120	1956280	E tudo mais
1956280	1959000	Rostinho feliz e dois dedinhos para cima
1959000	1959800	OBS
1959800	1962960	Acabei o episódio querendo comer biscoitos e bolachas de mel
1962960	1963420	Eu também
1963420	1965120	OBS 2
1965120	1968280	O lobo pode ter cometido erros
1968280	1970280	Mas se errou foi tentando acertar
1970280	1971960	Protege de longe, é verdade
1971960	1973260	O lobo está certo
1973260	1976400	É isso, se cuidem, fiquem bem e melhoram as guaxas
1976400	1978280	Obrigado querida, obrigada por fazer o comentário
1978280	1979240	Obrigada, Tati
1979240	1980980	E agora a gente vai
1980980	1984320	Para o comentário do Gilberto Caldeira
1984320	1986340	Boa noite, Guaxa
1986340	1987940	Vim aqui só
1987940	1989960	Para cantar contigo
1989960	1991320	Teoria da Branca
1991320	1993420	Eu não sei o ritmo dessa música
1993420	1994820	Teoria da Branca de Neve
1994820	1997940	Que só ter um
1997940	2000160	Se eu posso ter sete, sete, sete
2000160	2001820	Mas eu sei como resolver isso
2001820	2003880	Felipe, como é que é a música
2003880	2005320	Da Teoria da Branca de Neve
2005320	2007120	Tem que cantar no microfone
2007120	2009400	É para eu cantar?
2009460	2009940	Exato
2009940	2010960	Teoria da Branca de Neve
2010980	2013380	Porque eu posso ter um, se eu posso ter sete
2013380	2015640	Sete, sete, sete, sete, sete
2015640	2016920	Viu?
2017220	2017980	Você quer saber?
2019260	2020880	Maravilhoso, obrigado Felipe
2020880	2024000	Na hora que o anão
2024000	2026080	Na hora que o anão
2026080	2027240	Falou Mayara
2027240	2029620	Eu passei uma certa vergonha
2029620	2030360	No ônibus
2030360	2033320	Parabéns pela referência, caro Guaxa
2033320	2034900	Também adoro música ruim
2034900	2036980	É verdade, MC Mayara é maravilhosa
2037560	2037980	Assim
2037980	2039940	E quando eu pensei
2039940	2041140	Pô, eu quero a Branca de Neve
2041140	2043280	Eu preciso substituir, né
2043280	2045200	Porque, porra, vamos botar
2045200	2048240	Sete, Crossfiteiro e a Mayara
2048240	2049280	Com a Branca de Neve
2049280	2051760	Porra, eu também ri sozinho quando tive essa ideia
2051760	2055220	Que brigadão pelo seu comentário, querido
2055220	2057520	O próximo comentário é do Gabriel Balardino
2057520	2058020	Que coloca
2058020	2061220	Tudo bem, tudo bem, querido?
2061540	2062040	Tudo bem, né Dani?
2062240	2063860	Tudo bem, agora o Felipe chegou em casa
2063860	2065960	Tá vivo, tá bem
2065960	2066920	Então tá bom
2066920	2069920	O sul do Brasil tem sofrido um bocado com as urgências climáticas
2069940	2071200	Hein? É verdade
2071200	2074700	Parece que dizer as coisas que não existem não funciona pra elas sumirem
2074700	2076340	O pessoal de O Segredo está errado
2076340	2076960	Quem diria
2076960	2080040	Mas vamos ao episódio que, claro, não tem como dizer outra coisa
2080040	2080760	Foi lindo
2080760	2084060	Também com todas as pessoas que jogaram, era o esperado, é verdade
2084060	2086620	Fabi, Dani, Felipe e você
2086620	2088940	São pessoas maravilhosas e lindas
2088940	2091160	E eu já conheço pessoalmente
2091160	2092200	50% do episódio
2092200	2095520	Avançando para 75% em breve
2095520	2097760	O Balardino conhece tu e o Felipe?
2098820	2099920	Não, ele conhece o Felipe
2099940	2101720	Ele conhece, acho que, a Fabi
2101720	2102400	A Dani?
2102560	2104020	Eu e a Fabi, eu acho
2104020	2107700	Porque teve aquele baixo encontro em São Paulo
2107700	2109120	E eu acho que ele foi
2109120	2111120	Foi quando ele conheceu a Fabi
2111120	2113620	Mas ele vai vir pra Natal agora
2113620	2114840	Esse mês
2114840	2117220	Chega em 75%
2117220	2119340	Que é um bom número, Balardino
2119340	2120740	É um bom número pra ficar
2120740	2124180	A edição já é redundante dizer
2124180	2125680	Mas dizemos
2125680	2127500	Que coisa linda, foi um dos spoilers
2127500	2128800	Que episódio foi esse?
2128800	2129220	Ah!
2129940	2131860	Os dados resolveram que os jogadores
2131860	2132980	Deveriam falhar sempre
2132980	2133900	Incrível, é verdade
2133900	2135960	Eu jurava que tinha a ver com a Nick
2135960	2136780	Todo mundo achou
2136780	2139660	Mas amei que você já começou a brincar
2139660	2141300	Ainda mais loucamente com a Zia
2141300	2143020	Agora o fato que você
2143020	2145840	Abriu a possibilidade de a irem
2145840	2146900	Para corpos humanos
2146900	2149880	Mas temos a Cuca que tem essa habilidade também
2149880	2152040	O que ocorreria se a Cuca entrasse no corpo dominado
2152040	2152580	Por um Miá
2152580	2155280	Sim, que era o rinha de magia e ficção científica
2155280	2155820	Não, vamos lá
2155820	2158920	A bruxa só conseguiria entrar num corpo
2158920	2160300	De um ser humano
2160300	2162920	Ela não sabia
2162920	2165120	Mas o que ela considerou ser o mundo real
2165120	2166460	É o paraíso
2166460	2168120	Que é um programa também
2168120	2170000	É como o Matrix, sabe?
2170120	2171520	Que o Neo descobre que
2171520	2174860	O mundo livre, na verdade
2174860	2176380	É um mundo virtual também
2176380	2178580	Não lembro se foi isso
2178580	2180660	Ou se era uma teoria na época do primeiro filme
2180660	2181920	Mas é isso
2181920	2184400	Então não vai
2184400	2186860	Para o mundo real, pelo menos a princípio
2186860	2188160	Por enquanto é isso, e no mais
2188160	2190120	Branca de Neve, ícone não mono
2190120	2192720	Poliândrica, amei, é verdade
2192720	2194320	No mais um grande beijo e abraço
2194320	2196300	Para todos, venham para a Taberlinda
2196300	2198560	Quando puderem, vale a pena demais
2198560	2200120	Obrigado pelo seu comentário, querido
2200120	2203600	E agora o último comentário da noite
2203600	2205760	Ovelha com chifres
2205760	2207300	Boa noite, Guax
2207300	2210220	Convidade e Guaxa-munidade
2210220	2211640	Primeiro de tudo
2211640	2214720	Espero que esteja melhor, Guax
2214720	2217260	É importante cuidar da saúde
2217260	2218140	Em primeiro lugar
2218160	2220820	E não podemos dar chance para a Covid
2220820	2222380	Muita saúde
2222380	2224520	Para você e para a sua família
2224520	2226400	Dito isso, novamente
2226400	2228660	Todos os 50%
2228660	2230260	Entregaram tudo
2230260	2232360	Amei essa família de urso
2232360	2234600	Foi a coisa mais fofa que eu vi
2234600	2235780	A semana toda
2235780	2238420	Amei a mãe urso, manejando
2238420	2240220	A arma mais poderosa do mundo
2240220	2241460	O rolo de massa
2241460	2243660	Isso é verdade
2243660	2245820	Amei também o Sr. Lobo
2245820	2247720	Como já disseram
2248160	2250200	Foi tentando acertar
2250200	2253460	Viva sua melhor vida, Sr. Lobo
2253460	2255100	S2 formando um coraçãozinho
2255100	2257900	Muitos parabéns por mais um episódio
2257900	2259440	E muitos biscoitos
2259440	2260840	Obrigado pelo seu comentário
2260840	2262800	É engraçado ver a ovelha definindo o lobo
2262800	2264180	Mas tudo bem
2264180	2266700	Não estamos aqui para julgar ninguém
2266700	2269620	Vai que o lobo seja bonzinho na história dela
2269620	2270660	É verdade
2270660	2274380	Até que foi rápido hoje
2274380	2276120	Eu queria agradecer aos novos padrinhos
2276120	2277020	Estava bem acumulado
2277020	2278140	Acho que fiquei 3 horas e 30 minutos
2278160	2279120	4 episódios sem ler
2279120	2280880	Então um beijo para o Pedro Henrique
2280880	2283520	Para o Leonardo Antônio Mendes de Souza
2283520	2284600	Para o Marcelo Duarte
2284600	2288180	Para o Gledson Santos Alves
2288180	2290120	Para a Maíra Carneiro
2290120	2291800	Para a Lauriene Moura
2291800	2293180	Sara Barbosa
2293180	2294940	Priscila Franco de Oliveira
2294940	2296360	João Pedro Moura Rodrigues
2296360	2298080	Estefan Pasoldi
2298080	2300460	O Augusto Zambon
2300460	2301460	O Thiago Pessoa
2301460	2303140	O Matheus Costa Soares
2303140	2304940	O Vinicius Henrique Lemos da Costa
2304940	2306180	Rafael Maia
2306180	2307940	Rafael Moia Todão
2308160	2309880	André Souza dos Santos
2309880	2311160	Henrique Rossato
2311160	2312680	Arthur Rodrigues
2312680	2313900	Júbis Carvalho
2313900	2315340	Rodrigo Miranda
2315340	2318360	Muitos desses são pessoas que você já ouviu falar aqui antes
2318360	2320360	Alguns já gravaram NPCs até jogar
2320360	2321940	É a Sara, né?
2322080	2322880	É a nossa Sara?
2323000	2323820	Eu acho que é
2323820	2327400	Mas é o pessoal que às vezes falha
2327400	2329920	O padrinho
2329920	2331120	Ou o PicPay deixa de cobrar
2331120	2332100	Então dá uma conferida lá
2332100	2333100	Sempre dá uma conferidinha
2333100	2334620	Ver se está caindo direitinho
2334620	2337280	Se está descontando suas parcelas do carrão do baú direitinho
2337280	2338100	Muito bem
2338160	2339420	Obrigado a todos vocês
2339420	2341960	Dani, com quem tu não jogou RPGuacha ainda
2341960	2343520	E adoraria jogar uma mesa?
2343600	2344180	Duas pessoas
2344180	2348480	Duas pessoas que eu não joguei e gostaria de jogar
2348480	2350420	Que já jogaram RPGuacha
2350420	2352060	Mas que tu não jogou com ela ainda
2352060	2352900	A Mel
2352900	2357200	A Lady Doces e a Mel
2357200	2358300	Já é uma mesa bem doce
2358300	2359280	Quem é o terceiro?
2359680	2361340	A Amanda, eu já joguei com a Agatha
2361340	2362520	Mas eu não joguei com a Amanda
2362520	2363680	É verdade
2363680	2364940	E daí seria uma mesa sobre o que?
2365440	2366640	Uma mesa sobre o que?
2367080	2368000	Pensei em algo tipo
2368000	2369440	Meninas Superpoderosas
2369440	2370920	Meninas Superpoderosas
2370920	2372460	Ok, maravilhoso
2372460	2374760	Quer deixar algum recado final neste áudio?
2375200	2376060	Um recadinho final?
2376540	2378560	Pra quem não é padrinho, venha ser padrinho
2378560	2385080	A taverninha é o lugar mais aconchegante do planeta Terra que existe
2385080	2385740	É verdade
2385740	2387320	Você conhece muitas pessoas maravilhosas
2387320	2389680	Não tão maravilhosas quanto a Dani
2389680	2392320	A própria Dani
2392320	2393240	E o Felipe também
2393240	2395000	Que no fim se juntaram ali
2395000	2397680	Mas você pode encontrar também sua pessoa maravilhosa
2397680	2398600	Lá de alguma forma
2398600	2400520	E conhecer essas pessoas maravilhosas
2400520	2401620	Querendo ou não ser amigo
2401620	2403880	Da Dani, da Fábio, da Ju
2403880	2406440	Conversar comigo, com o Trota
2406440	2408820	Com a Anabê, com a Agatha
2408820	2411080	Com a Amanda, com a Rafa
2411080	2412380	Com a Mel, o que mais?
2412480	2413020	Um monte de gente
2413020	2415440	Com o Henrique, com o Leonardo
2415440	2417440	Com todo mundo que eu falei antes
2417440	2420620	Quero deixar um beijo no coração de vocês
2420620	2422000	E dizer que eu acho que só existe
2422000	2425260	Tem uma coisa que eu lembrei agora
2425260	2425720	Manda
2425720	2427520	Hoje no dia da gravatação
2427680	2429940	É aniversário do
2429940	2431680	Caio, nosso querido teórico
2432200	2433200	Do Guaxaverso
2433200	2434400	O Craio
2434400	2437360	Então um beijo pro Craio
2437360	2438780	Cara, assim
2438780	2441040	Você é uma pessoa maravilhosa
2441040	2442280	Um beijo no seu coração
2442280	2445700	Saiba que o RPG Guaxa só existe porque você existe
2445700	2448100	E que o Guaxaverso só existe
2448100	2449220	Dani
2449220	2450920	O Guaxaverso existe
2450920	2452840	Infelizmente não
2452840	2454980	Poxa, que pena, né
2454980	2456680	Um beijo, gente, e até a próxima
2456680	2457520	Até mais
2457680	2459680	Tchau
2487680	2488620	Dois acertos
2488620	2489860	A hora que tu balança
2489860	2491040	Deixa eu falar de novo
2491040	2494860	Eu também tô ouvindo o eco da minha voz
2494860	2496260	No áudio da Fabi
2496260	2497860	No meu?
2498460	2499180	Eu acho que sim
2499180	2501660	Eu acho que é no da Dani
2501660	2503980	Por causa da sensibilidade
2503980	2505100	Deixa eu ver aqui
2505100	2509540	O Audacity não tá pegando, né?
2509780	2511280	Não, não, o Audacity não pega
2511280	2513100	Então tá, então vamos lá
2513100	2514220	Vamos ver agora
2514220	2516840	Pronto
2516840	2517660	Acho que não tá pegando
2517680	2518880	Agora vai melhorar um pouquinho
2518880	2521740	Zorzal, ignorando, vamos voltar
2521740	2522980	Dora
2522980	2524280	Dora
2524280	2525040	Dora
2525040	2528140	Eu não sei porque eu esqueci que era Dora
2528140	2531300	Cutuca ela, Felipe
2531300	2534540	Dora
2534540	2537020	Seis e três
2537020	2539860	De novo, calma
2539860	2540460	Respira
